2 8 11188 9185 35 9193 156 3148 49 11147
1 5 284 6385 159 3150 11055
1 4 12907 1817 191 10594
1 5 159 6385 284 6385 3273
3 4 334 9263 362 3380
2 3 11106 379 11350
2 3 3690 519 9517
2 6 11683 3755 737 568 3722 11649
1 5 3674 668 671 11615 9630
1 4 9614 11603 674 3663
2 3 9661 686 6720
1 4 11486 694 3679 663
1 6 3726 6748 700 6701 3682 6689
3 3 6943 788 11738
3 3 6846 873 3957
1 3 6875 910 6946
1 4 11796 11898 928 4112
2 5 6974 4402 954 7626 12305
1 4 819 955 851 3968
1 4 923 963 11882 9904
1 5 1145 9964 1013 11923 7132
2 3 4321 1275 1317
2 7 9512 4209 1775 1292 1327 9292 12157
1 6 4416 1381 12164 1268 7436 10278
1 5 1615 4650 7524 1453 7552
1 6 7592 4546 1472 4632 7610 1557
1 9 12498 12325 12353 1572 1584 7388 12752 1913 1843
1 3 4598 1594 4641
1 4 1568 1624 4643 12409
1 8 4809 10675 7763 12654 1802 12654 1739 4731
1 9 12024 4814 12570 12642 1827 7780 4723 4794 10711
1 8 4797 10543 1791 1834 1791 4882 12610 10627
1 3 8107 1928 10906
2 3 7996 1953 10764
1 3 13211 1993 11194
1 4 2011 2008 5052 13089
2 3 10915 2012 2100
1 3 4965 2077 13085
1 5 12835 2060 12811 2104 12897
2 3 2152 2173 12964
1 5 1557 12949 2221 12934 8249
2 6 3122 11065 9038 3025 3137 9167
2 4 2081 9152 3181 7919
1 6 11235 11300 3263 6348 6414 6380
1 9 11321 9391 9365 6394 3246 3276 6337 6294 6357
3 5 6314 9262 3319 3296 6322
1 5 9567 3583 3414 6562 3553
2 5 485 11420 3476 6504 11483
1 6 11679 11522 3484 6576 11511 3569
2 4 3547 3488 6537 11519
2 5 418 9449 3492 558 3580
3 4 9238 3522 6487 9560
1 6 6573 3565 11691 3548 746 9687
1 6 646 11787 3614 614 6634 9602
1 6 3660 658 9600 3641 607 3780
2 5 3650 817 3652 680 6531
2 5 6855 659 3685 9825 6890
3 4 692 3705 3299 571
2 5 6573 6751 3731 716 9660
1 5 3715 3712 3732 7462 12459
3 8 6630 3605 11567 9580 6797 3775 3763 11695
3 5 1764 12205 12276 3778 6630
1 5 3844 936 974 3865 3882
1 5 925 6926 3885 9750 6875
1 3 922 3893 849
1 5 3968 10027 3901 12066 9990
2 3 6732 3906 11830
1 4 971 10441 3975 3941
2 3 1182 4100 4188
1 9 1005 1122 4127 4008 7026 4124 10056 11810 11746
2 3 1182 4188 4100
2 5 4342 4287 12221 10318 12459
2 4 6728 9615 4426 4872
1 5 4901 4473 12434 11704 9715
1 9 4657 10387 941 9911 4518 6876 6694 6699 9713
1 3 10370 4597 12489
1 4 1594 4598 10484 7660
1 4 831 4601 11890 971
1 4 1598 4589 4604 7638
1 9 7592 12451 7649 4658 4453 7533 12377 4836 10455
1 7 10570 7841 4750 10664 4815 7838 4797
2 5 12924 1773 4791 7811 7798
1 5 12024 10532 4830 3613 7840
1 3 8032 4887 10832
2 3 8116 4927 12751
2 3 4892 4942 10855
1 4 2011 4956 1952 10738
1 3 2077 4965 12715
1 3 12787 5013 8065
1 3 2080 5036 8244
2 3 2094 5039 8008
1 3 2080 5054 11012
1 3 5034 5077 8058
1 3 2193 5177 8245
1 3 5128 5185 8188
1 3 8199 5190 12983
1 6 2218 8233 5223 12909 8196 10999
2 7 9200 3135 6077 97 3190 6135 9267
2 4 507 6103 11333 13070
2 3 6286 6241 11456
1 5 3320 327 6296 3272 11312
2 3 9379 6318 6384
3 6 265 6342 3525 6322 3296 3319
1 8 6327 3352 6374 6312 6357 6294 6337 3276
1 4 6280 3309 6359 6413
3 3 3397 6488 589
2 3 9507 6533 11463
1 5 3514 11517 6534 3545 9570
2 4 3576 6560 480 9431
2 4 589 6568 3530 6542
3 3 529 6570 6469
2 4 485 11420 6585 9561
1 4 3630 11657 6667 9619
2 5 4426 9615 6728 7782 12682
3 4 908 3710 6732 3906
2 6 9737 6762 6759 9717 6775 11702
1 5 6630 3605 6778 6916 9708
2 4 620 3598 6792 9734
1 3 6606 6793 9582
1 5 6817 3873 6966 6812 9764
2 4 6875 6862 11751 9904
1 4 3924 11816 6889 9821
2 7 4112 11848 9799 11778 6912 9887 6864
2 4 3966 6939 883 6843
3 4 7045 11783 6943 788
1 3 3924 6957 6983
1 6 9898 760 6962 3751 3948 11702
1 3 6957 6983 9586
1 3 6642 6997 12320
1 5 12039 11957 7005 10026 11921
2 3 10023 7069 10070
1 5 9998 7157 7087 12097 10125
1 5 1092 11946 7212 12031 9985
1 6 3816 11737 7213 871 9896 6817
1 3 4273 7293 10191
1 5 1321 1238 7447 7391 10190
2 4 7592 4530 7535 7564
2 5 2219 8186 5225 7567 12910
1 6 10980 12334 8226 7589 4570 10999
3 5 7361 7644 7304 1424 12289
1 7 4742 7764 7684 7999 10645 1972 10914
2 7 4791 7811 7798 12576 7755 1667 10455
2 7 490 6740 1657 7807 4769 1356 12149
2 3 3181 7919 5084
2 4 1953 7996 2096 10859
1 3 7959 8006 10762
1 5 12772 1937 8056 1937 12790
1 5 4892 8024 8080 8024 8113
1 3 10832 8089 12810
1 3 8065 8122 10762
1 3 12981 8219 8248
1 4 8187 8238 1585 1598
2 6 2221 12934 8249 2114 5134 10455
1 3 5143 8255 10975
2 6 6050 9149 3182 11091 3045 11147
2 4 3137 9167 6144 11105
1 7 3140 57 70 9197 11068 149 3151
3 4 3522 9238 6218 6263
2 8 11241 11220 6354 289 9247 9371 11355 9288
3 4 6336 9335 9309 9281
3 4 321 11305 9320 9347
2 4 6318 9379 9269 11317
3 6 3380 6402 11245 9398 266 3384
2 5 6583 9418 11407 6537 11519
1 3 9497 9441 3585
2 6 9438 530 6376 9483 9731 6314
2 3 391 9498 3262
2 9 1292 1775 4209 9512 12521 4780 7800 1709 10696
2 5 3552 6572 9525 6548 6536
2 3 493 9546 11558
1 4 3414 3583 9567 6464
2 3 11519 9574 11562
1 4 6983 9586 6611 11901
1 4 628 9613 6673 3674
1 6 671 11615 9630 11615 11618 673
3 4 692 6693 9666 3690
3 5 692 11653 9515 9681 3703
1 5 3548 746 9687 713 11659
3 8 9711 11725 9743 779 6607 9585 6662 11602
1 3 9612 9769 9919
1 4 3630 9771 9756 9602
2 6 7458 7306 9910 10478 10393 1527
1 5 6606 782 9924 967 925
1 5 7212 12031 9985 1136 11960
1 4 1182 9998 7157 7087
1 5 4054 4142 10125 12097 7087
1 3 4344 10190 7391
1 4 1349 10270 12182 12142
2 6 1381 12164 1268 7436 10278 12180
2 7 10799 7411 1359 5063 10311 5063 12142
3 5 12341 10337 10504 805 10778
1 3 3941 10343 11841
1 3 10513 10360 12479
1 4 12409 12394 10390 7500
1 7 7045 12445 10439 7558 9779 913 10657
1 3 7630 10482 4969
1 5 7138 10495 8014 913 10657
1 6 4724 7744 4853 10570 7841 4750
1 8 1772 7871 10577 9659 4290 1343 9733 4404
1 4 4865 10651 10662 4742
1 3 1770 10666 12586
1 4 7973 10738 1952 4956
1 4 10747 10790 12872 4969
2 3 10812 10829 4957
2 5 7996 2096 10859 10877 10908
1 5 7935 4898 10871 8003 7973
1 3 10773 10889 12810
2 4 10764 10908 10877 10859
3 4 5168 10939 10998 8143
1 4 5230 13195 10952 2174
1 3 12939 10982 12973
1 6 10975 10985 8208 10375 10418 12409
1 3 2208 10986 12943
1 5 10938 8240 10996 5188 12917
1 5 5167 10947 11008 11003 10994
1 3 5054 11012 12830
2 3 2152 11023 12951
2 6 3152 11426 11127 11057 6099 9221
1 8 11186 3120 9120 9408 11202 6324 3310 6242
2 8 299 329 11215 11327 11160 6120 11376 9279
1 6 9250 364 11279 9268 6221 11471
2 5 3152 496 6381 11291 9317
1 9 6327 11277 11394 11262 11309 6291 3221 3389 396
1 7 6280 3556 11285 11313 3759 11216 11370
1 5 6384 6335 6399 11332 11218
2 6 310 233 11342 11391 6340 6413
2 5 9334 9361 11372 11316 334
2 8 6262 6315 9313 9330 11379 350 11217 6316
2 6 11188 11082 11380 11390 3229 299
2 6 9544 6484 11399 6580 536 11479
2 4 9490 3506 11491 11506
2 7 6338 372 9514 11496 355 11281 9271
1 7 3549 9578 553 11521 11535 3579 6449
2 4 563 11531 11502 9559
1 5 6780 3782 11570 776 3780
2 6 9450 12312 11589 6737 7611 720
1 5 9836 11680 11650 3702 3733
2 5 695 9684 6769 11669 6710
1 5 3663 11619 11655 11672 6747
1 5 3594 3770 11716 9728 11877
2 4 6780 11730 11723 3772
1 6 11800 880 3850 847 11758 3847
1 3 3650 11794 6613
1 5 7169 1165 9807 11847 6994
1 3 792 11919 1065
1 6 7005 10026 11921 7162 10091 11969
1 3 1102 11943 4139
1 5 1149 1189 12039 11957 7005
1 3 12494 12321 10981
2 5 4594 9996 12384 638 7118
1 4 7859 4864 12406 7520
1 6 4724 10639 12563 4690 10646 10627
2 4 6696 12709 12568 9727
1 5 10666 12586 1683 12516 7840
1 4 4586 12624 2055 3972
2 4 4872 12688 12145 12685
1 3 4904 12715 4965
2 3 10764 12719 3165
1 4 8056 1937 12772 12845
3 6 12341 1927 12782 6987 5061 12369
1 3 10809 12827 7935
1 3 8017 12865 12738
1 3 10895 12873 12746
1 3 4952 12900 1992
2 4 2160 12902 8189 10959
1 5 2228 2150 12913 2150 10984
2 4 4791 1773 12924 12910
1 3 2193 12935 2120
1 7 12479 8210 7476 12938 7476 12923 2218
1 3 10982 12939 12917
1 4 10928 8164 12941 10976
2 3 11023 12951 10959
1 3 5158 12981 8219
2 5 10980 8190 12996 2153 10999
1 3 1988 13092 13087
2 7 12 3004 175 3066 3103 6191 9370
2 6 117 71 6154 11191 110 187
2 5 121 252 3240 9356 6316
2 8 160 11083 93 11131 150 85 6022 6245
2 6 160 6073 11165 9107 172 3140
3 2 247 11264
1 2 253 6301
3 3 265 9374 9438
2 4 287 6303 366 9302
2 4 287 6400 11272 354
2 2 287 3279
2 3 287 11349 9343
2 6 306 3297 6243 352 3345 11235
2 4 306 11290 11220 11241
3 4 310 11358 3255 265
3 4 310 6459 3219 6371
2 6 310 341 222 319 3310 6242
2 2 321 9388
2 3 321 293 3340
2 3 321 293 3258
2 4 321 11276 11219 375
3 3 334 3324 3295
3 3 334 3324 3380
3 3 334 279 3381
2 3 351 11270 11317
1 2 377 253
2 2 391 68
2 2 391 11456
2 8 396 367 3332 3304 6492 9460 3426 3578
2 10 396 340 471 6587 544 487 579 3582 3555 3529
2 4 400 11357 11329 11274
1 3 400 13206 3393
2 7 413 9448 6553 3504 437 3431 6566
2 6 413 9448 9339 11323 11351 396
2 5 418 6554 9531 11487 523
2 4 458 409 3403 9573
1 4 466 6499 562 6416
2 2 485 9434
2 3 490 3911 1764
3 2 495 3398
2 4 512 3493 6688 3655
2 3 514 11481 3535
3 4 514 6559 11432 6440
2 3 514 573 3514
2 2 516 6598
2 2 516 3516
2 2 516 3576
2 6 523 11513 9424 473 9552 413
2 4 525 3543 441 11477
2 3 525 504 6497
3 3 529 9547 3398
2 4 571 3571 11497 7857
2 6 572 6557 11543 3470 6593 11477
3 3 572 474 3496
3 2 587 6469
1 3 590 9748 3594
1 2 599 11735
3 2 603 3604
1 2 603 6631
2 3 620 3626 651
2 3 620 9751 9734
3 2 628 6626
1 3 646 9606 11592
1 4 663 11623 661 3660
1 4 673 9636 6678 6680
1 3 692 9652 673
1 3 693 11622 9619
1 2 704 6723
2 3 704 6690 9661
2 3 720 4508 12437
2 3 720 12497 1527
3 3 773 3776 603
1 3 773 6790 3773
1 3 819 9826 923
1 4 857 11766 813 3816
2 4 908 718 9675 4445
1 3 908 718 3715
1 2 922 9833
2 3 971 7547 9727
1 2 989 4116
2 2 1065 7107
1 2 1086 7107
1 3 1092 1191 7145
1 3 1092 10052 11985
1 4 1145 11939 7166 4046
1 5 1277 7463 12302 7673 4652
2 7 1278 12130 10136 3280 7320 10133 1821
2 6 1278 1258 4265 10185 1334 12157
2 4 1278 1305 4354 12270
2 4 1317 10296 12779 4414
1 4 1339 13001 12190 1326
2 3 1352 7834 10717
2 3 1352 7892 12024
1 3 1409 4327 7402
2 3 1409 7288 1321
1 2 1463 10811
3 3 1480 10437 7118
2 3 1527 10457 12305
1 4 1557 8230 2187 2166
1 4 1559 10410 4510 7464
2 4 1559 10355 7543 12458
2 4 1559 10449 4650 1615
1 3 1568 12394 12409
1 4 1588 1847 7873 4809
2 3 1595 4527 6696
2 3 1595 9796 9810
2 3 1595 7551 9653
2 2 1595 12437
2 2 1615 4464
3 4 1764 10700 7435 9601
1 3 1770 12418 7458
1 4 1772 1807 4847 4731
2 4 1806 2043 1534 10370
1 3 1806 7904 10798
2 5 1821 10133 12287 1233 12157
2 2 1909 4957
2 2 1909 2038
2 2 1951 10919
1 2 1954 12897
1 2 1965 12755
3 2 1974 5084
1 2 1988 2075
1 2 2011 12755
1 2 2023 4969
3 2 2038 2094
2 2 2051 8032
1 3 2052 5000 4892
1 2 2080 9137
1 2 2080 10948
1 2 2080 8244
1 3 2080 3109 2192
2 3 2081 4897 4978
2 3 2081 9152 13211
1 2 2094 7959
2 2 2100 12834
2 2 2106 12922
1 2 2120 12971
2 2 2152 12922
1 2 2160 12973
1 2 2162 12953
1 2 2162 5166
1 2 2162 2212
1 2 2174 5229
1 3 2178 2164 8227
1 3 2182 8225 5230
2 3 2195 2209 2152
2 2 2195 12943
1 2 2196 8182
1 2 2196 8183
1 3 2200 8246 10993
1 3 2212 8160 8191
2 3 2218 12923 12977
1 2 2225 12953
2 3 2228 2132 5107
2 5 3061 3161 204 6009 11105
2 5 3140 9060 11048 9111 187
2 4 3151 6174 6197 117
2 2 3165 5084
2 9 3177 6213 3112 11158 9180 73 175 3004 12
1 4 3203 11453 9466 11477
1 5 3203 3507 3568 9506 3542
1 3 3203 6319 9288
2 3 3205 3301 6301
2 2 3206 399
2 2 3207 9496
2 3 3207 11444 375
3 2 3234 3326
3 2 3234 247
2 3 3258 3312 3207
2 2 3258 3340
2 2 3262 6598
2 3 3273 6395 9237
1 3 3273 6320 11218
1 2 3274 253
2 5 3279 11254 9318 3345 11235
3 3 3295 3230 6259
2 3 3320 9404 9438
1 3 3320 9274 3393
2 2 3320 6413
3 3 3325 3277 399
2 2 3326 241
2 4 3335 6411 9384 9355
2 2 3340 9388
3 3 3380 6402 6332
3 2 3380 3295
3 4 3381 17 9532 11558
2 6 3386 3307 6412 9362 6345 9279
3 4 3392 6546 9520 3496
3 2 3397 6594
3 2 3398 9443
2 7 3430 6429 3457 3511 3570 6593 11477
3 2 3444 6469
3 4 3473 444 3532 6558
2 2 3516 11519
2 2 3516 9536
2 3 3516 13081 9472
1 4 3529 11474 520 3503
1 5 3529 6527 9474 3489 3478
2 5 3542 6508 9477 463 9413
2 5 3542 238 343 3364 3335
2 4 3544 524 11385 11274
2 2 3544 6259
2 3 3544 467 6416
3 3 3547 9522 3444
2 3 3549 9523 11506
2 3 3549 6547 9507
2 3 3549 3534 11463
2 3 3552 3758 6536
3 2 3561 6524
2 3 3561 9524 6549
2 2 3562 3430
2 5 3562 11427 491 9454 572
3 4 3569 557 9539 9692
2 2 3569 3553
2 2 3576 9536
2 2 3576 11483
1 3 3577 414 6455
2 4 3578 11523 9432 6601
2 6 3578 6539 9475 6575 11484 3503
2 4 3580 9260 9328 9355
1 2 3585 6418
1 3 3585 3418 6440
2 4 3650 641 9590 6613
2 3 3655 6651 651
2 2 3659 3671
1 3 3659 655 6657
2 3 3659 9631 11600
1 2 3660 6680
1 5 3663 9651 11636 6706 6729
2 3 3671 669 651
2 4 3681 9644 6518 512
2 4 3681 667 9609 9607
1 3 3690 9655 6680
2 3 3701 6727 11670
2 4 3703 732 5283 7857
2 4 3707 11686 754 3757
1 10 3726 742 745 3746 11724 6794 9581 11400 6490 3478
1 7 3726 742 745 3746 9705 9722 3748
1 3 3733 3747 9708
1 6 3748 748 11696 735 11681 3720
2 6 3757 9714 11703 11546 3403 9573
1 2 3773 3976
3 2 3780 773
2 2 3863 11782
2 3 3863 6882 3878
2 4 3878 9847 6909 9832
2 2 3924 3943
1 3 3957 6929 3847
1 7 3960 7981 12875 8064 4955 10894 1954
1 4 3966 6831 9838 925
1 3 3976 9752 6606
1 2 3976 6973
1 3 4052 10065 7155
2 2 4084 10023
2 3 4084 1079 10070
1 2 4107 7155
1 3 4109 3988 7096
2 5 4112 7130 10038 9941 10122
2 2 4139 10023
2 2 4155 13084
2 5 4215 7281 7233 10140 12143
2 4 4321 1430 10152 12180
1 3 4344 1412 7395
3 4 4345 7345 11662 10381
3 2 4345 9601
2 4 4414 10897 12734 8011
1 2 4416 1409
1 3 4416 12247 7363
3 4 4449 4540 7615 10615
1 3 4457 10502 12453
1 4 4457 12496 1654 10347
2 3 4464 7668 7480
1 3 4548 12396 10447
2 2 4569 4449
2 4 4569 1523 12361 10717
2 5 4569 1523 7607 7449 10516
2 2 4569 12305
2 4 4617 8242 5218 8129
1 6 4657 4727 7986 13215 13216 12859
1 3 4865 4668 4742
1 2 4904 4991
1 2 4946 8057
2 2 4957 8008
1 3 4969 10864 12790
3 2 4989 12834
2 2 4989 7972
1 4 5021 2083 12721 7973
1 2 5021 8079
2 2 5026 4892
1 2 5034 12710
3 4 5107 8179 2175 10933
1 2 5107 2178
3 3 5115 8140 2218
1 2 5128 10993
1 2 5143 2208
1 2 5158 12958
1 2 5163 7500
1 3 5163 13000 8169
1 2 5163 10975
1 2 5166 2182
1 3 5167 7553 8181
1 5 5168 10967 5182 10345 8227
1 4 5176 7299 4323 10237
1 2 5210 8183
1 3 5220 12933 2228
1 2 5229 10944
1 2 6039 9137
2 4 6050 161 11082 11188
2 7 6097 11189 11213 6143 9188 11166 121
2 5 6097 9199 11177 9110 11086
2 4 6097 3154 11168 160
2 3 6164 9054 11114
2 6 6164 3063 3375 3286 6406 3386
2 5 6242 9353 207 11234 354
2 5 6245 9256 344 3358 9302
2 3 6245 3215 9343
2 4 6259 6567 11385 11274
2 3 6259 548 493
2 5 6262 3292 11242 9411 9355
3 2 6263 6377
1 6 6280 560 6579 9554 6232 3203
2 3 6280 560 3496
2 3 6282 349 3340
2 3 6282 6334 9334
2 3 6282 537 3473
2 2 6282 3207
3 3 6286 9403 9281
3 2 6286 6336
3 4 6287 6393 3260 3325
2 4 6292 3378 6344 9288
2 2 6301 7239
3 2 6314 3288
2 5 6316 378 280 357 9267
2 8 6316 9311 3202 6362 9360 6299 11375 6327
2 10 6316 214 3339 3387 330 3257 3302 275 232 396
2 7 6327 9325 3224 6253 9373 11356 6338
2 6 6327 11375 9389 9291 11340 12
3 3 6332 395 3384
3 3 6332 11265 3288
2 6 6338 260 404 3394 3294 11320
3 3 6349 3271 6263
3 2 6349 3326
2 4 6371 6220 11322 6292
3 3 6377 3395 3234
3 3 6377 11493 6513
3 3 6377 11493 3355
2 3 6380 11282 9302
2 4 6380 301 11362 6316
2 6 6380 6414 9348 6290 6396 6262
2 2 6384 3205
3 3 6389 6257 9347
3 2 6389 11331
3 3 6389 317 11366
1 2 6416 11430
2 3 6418 9555 7857
2 2 6421 9416
3 4 6444 9486 3524 9443
3 2 6444 11560
3 2 6444 11494
2 2 6446 3576
2 2 6446 11483
2 2 6446 575
2 4 6449 9550 11508 9495
2 4 6455 9423 9576 3757
2 2 6455 3430
1 3 6464 13205 9412
3 3 6469 6622 11346
3 2 6469 495
2 3 6474 3421 6420
2 4 6474 6493 9430 9417
2 2 6496 3262
2 3 6496 6500 11562
2 4 6497 9465 11438 458
3 2 6513 3561
3 2 6513 3355
2 2 6521 375
3 3 6521 3499 9560
2 2 6524 9497
3 4 6524 538 6501 3535
2 3 6531 3669 3681
2 3 6536 9510 11465
2 3 6536 9510 9495
1 2 6542 11486
1 3 6542 6712 11640
2 2 6549 3397
2 3 6549 11533 9443
3 3 6555 9557 11417
1 4 6566 6544 509 3478
3 2 6583 11435
2 2 6583 9559
1 3 6584 11534 3577
3 2 6594 11417
3 2 6594 589
2 4 6596 3767 9571 6420
2 5 6596 3767 429 6776 6474
1 8 6601 3490 6430 470 6564 11482 6498 464
2 5 6601 9577 452 11458 11321
1 3 6613 11593 3594
2 2 6626 599
3 4 6630 6625 4270 4345
1 5 6642 4660 4825 10454 4901
2 4 6657 9597 11565 9737
2 3 6685 3680 11625
2 2 6696 6974
1 3 6697 11644 11659
1 3 6697 6682 646
1 3 6697 696 693
2 3 6700 679 646
2 2 6700 11646
3 4 6705 3687 6707 11654
2 4 6710 11656 691 695
1 2 6711 693
2 4 6723 543 5283 7857
2 3 6723 732 3703
1 3 6729 3724 3707
1 4 6729 6706 3704 3701
1 5 6741 11668 3760 9696 3720
1 2 6747 6729
1 3 6747 9716 3577
1 4 6747 3741 744 6584
3 3 6780 770 3772
1 5 6783 765 3752 3734 3720
3 2 6788 3772
1 2 6788 3773
1 2 6788 6973
1 4 6843 9784 9856 3968
1 3 6845 6869 9820
2 2 6845 11782
1 4 6845 3824 822 3847
2 3 6855 9760 971
2 4 6855 11760 11776 831
2 5 6890 6874 827 7528 971
3 3 6890 4442 11800
3 3 6890 4442 6705
1 2 6973 6946
2 3 6974 12670 12501
1 5 7000 7109 10022 9969 4137
3 3 7045 7083 7138
3 3 7045 3925 11841
3 3 7045 12054 1132
1 2 7072 11960
1 2 7132 4116
3 4 7138 7083 12054 1132
1 2 7151 7107
1 3 7202 10029 7527
1 2 7223 7642
2 2 7239 3369
1 3 7289 7629 4445
1 3 7344 7260 4219
2 4 7363 8067 10808 8011
1 5 7363 8067 10808 12146 4344
3 5 7375 11352 7346 6162 11124
2 7 7375 4372 12626 206 7403 6278 11320
2 6 7433 1284 12291 4362 634 4342
2 5 7433 10174 12221 10318 12459
2 4 7458 7539 10393 1527
1 4 7470 6935 864 1463
2 4 7481 1514 12957 2166
2 3 7527 3994 7118
2 3 7527 4491 7138
1 2 7617 7630
3 3 7622 10498 7451
2 6 7669 4415 10316 10518 4462 7481
1 3 7859 10682 10455
1 3 7935 1945 8057
2 2 7972 2100
2 2 7972 4948
2 2 8008 5070
2 4 8011 8100 1412 7395
2 2 8015 2100
2 3 8032 5066 10730
1 2 8034 1992
2 2 8058 10915
2 2 8058 8015
2 2 8065 5070
1 4 8070 10867 12893 3972
1 3 8070 3883 10914
1 3 8079 7913 2011
1 2 8107 4982
1 2 8113 10855
2 2 8116 12851
2 4 8129 5174 2190 2218
2 2 8143 10946
2 2 8143 4617
1 3 8169 5213 2106
1 2 8169 2208
1 4 8181 4533 10405 4548
1 2 8182 12944
1 3 8187 2172 5163
1 3 8187 10943 12453
1 2 8191 12917
1 2 8191 5166
1 2 8199 10942
1 3 8227 8242 4617
1 2 8248 5158
1 2 8252 8047
1 2 9137 11194
2 4 9200 11075 11180 12
2 3 9206 6186 3061
2 4 9206 9100 3060 3151
3 5 9221 9485 3388 9501 9317
2 5 9221 592 415 3310 6242
2 6 9267 6358 11239 11134 256 12
2 6 9271 11256 3265 4324 7343 12270
2 5 9271 11377 11348 365 11321
3 3 9279 6345 6287
2 3 9297 11345 3205
2 2 9297 7239
2 5 9302 401 335 11254 3279
2 3 9334 9277 11260
3 2 9340 265
3 3 9340 9240 9317
2 4 9343 11326 366 9302
2 4 9343 11315 2999 187
3 3 9347 6325 6263
2 8 9355 11368 11214 384 356 3318 6341 413
2 6 9370 6383 11263 282 11387 6338
3 7 9370 6124 272 359 146 11193 11124
2 3 9392 9383 3273
2 4 9413 3455 11397 418
2 6 9413 559 6495 6478 6451 9573
2 5 9417 11434 9461 9476 523
2 2 9417 11559
2 4 9417 11418 449 3478
2 2 9431 3262
2 3 9434 9578 3549
2 5 9434 6599 11535 3579 6449
2 3 9450 6713 9653
2 2 9472 13011
2 3 9490 3533 6531
2 3 9490 11732 13011
2 2 9496 3473
2 4 9496 11415 9535 3514
2 3 9497 11404 9416
2 3 9503 549 563
2 2 9503 6542
2 2 9507 512
3 2 9509 3355
2 3 9509 11431 9443
3 3 9511 11467 6464
3 2 9511 11558
3 2 9517 6555
2 2 9517 11486
2 2 9536 11606
2 4 9544 3521 3458 6416
3 2 9544 3392
1 2 9548 6584
2 3 9548 577 3562
1 2 9559 5291
3 2 9560 11545
2 3 9561 11549 13011
2 2 9561 11506
2 3 9561 3402 11606
3 3 9570 6512 9511
3 4 9570 3510 3460 6558
2 4 9573 11561 6423 11437
2 2 9582 3604
3 3 9601 7291 12149
2 3 9601 4417 7289
2 6 9607 9609 667 9644 6518 512
1 2 9607 3594
2 3 9607 6644 3655
1 2 9612 9614
1 2 9617 3663
1 3 9617 6658 9612
1 5 9617 6658 818 11588 3630
1 3 9648 6690 704
1 4 9648 653 3673 3674
2 2 9648 9661
1 3 9648 9646 596
3 3 9653 9654 695
2 2 9653 9810
2 2 9660 11625
2 3 9660 684 11646
2 4 9660 11663 9676 6720
2 3 9661 11630 11627
2 3 9692 3716 11679
2 4 9708 9721 9754 10381
3 3 9711 722 11695
2 3 9711 9724 6710
1 6 9713 11658 677 6681 6757 9730
1 3 9727 1582 10657
1 6 9727 12637 4627 7588 7646 3941
2 3 9734 6775 11702
1 4 9753 757 6758 3726
1 7 9753 9735 11579 9455 6486 6516 3503
1 3 9783 11597 9614
1 2 9783 9919
2 2 9810 831
1 4 9820 862 3697 9836
1 5 9831 930 4633 4506 1588
2 4 9832 6909 9850 908
2 2 9832 11830
2 2 9898 11877
1 3 9904 11846 923
3 2 9907 6946
2 3 9909 11891 3772
1 3 9919 9902 922
2 2 9945 10113
1 2 9990 4159
2 6 10001 10255 4237 7297 7340 4321
2 2 10007 10122
2 3 10013 7100 4084
2 2 10013 4199
3 2 10013 10113
1 2 10013 4097
3 3 10070 1194 10113
1 4 10122 12096 1119 1005
1 7 10158 12230 1366 12286 10156 12144 1291
2 2 10347 7638
2 3 10362 12336 10347
2 4 10370 12463 12346 4449
2 3 10370 1564 10717
3 3 10380 12325 12498
2 2 10381 4445
2 4 10419 11002 8196 10999
2 3 10447 4436 7638
1 3 10447 4589 1598
1 2 10513 5167
1 2 10513 10432
1 2 10515 7500
2 3 10516 1586 7458
1 7 10578 12557 1743 10638 7894 1847 1588
2 2 10615 7464
2 4 10711 4794 4749 7840
2 3 10717 10391 10516
2 2 10730 10832
1 2 10747 2023
1 2 10747 5026
1 2 10773 10730
1 2 10773 12712
3 5 10778 9829 5001 7485 12458
3 2 10778 3960
3 3 10798 10702 3972
3 5 10798 9822 11743 2082 3960
2 3 10799 5032 4414
2 3 10799 7411 12142
1 2 10800 7973
1 2 10803 10762
1 2 10809 5044
1 4 10809 8097 2037 12897
1 2 10831 1992
2 2 10886 13085
1 2 10886 12823
2 2 10895 8057
1 2 10906 12885
1 2 10914 5044
2 2 10915 10812
1 2 10930 10594
1 2 10938 2160
1 2 10938 12930
1 3 10944 10965 5143
2 3 10946 8197 10419
2 2 10959 5115
2 3 10959 2181 10994
1 3 10980 5172 10432
1 2 10984 8227
2 3 10984 5204 8129
2 3 10989 2227 5168
2 2 10989 10933
1 4 10989 7561 2164 2178
1 3 10994 12937 7636
1 2 11055 11207
2 6 11086 3164 9222 9043 3135 9200
2 4 11105 9129 9194 3083
3 5 11124 88 1307 11203 9225
2 6 11147 11040 9151 205 130 9088
2 7 11159 90 6057 9190 152 57 3140
2 5 11186 181 11032 11139 117
2 4 11188 9109 9209 6164
1 4 11218 9314 11299 351
2 4 11235 11284 6252 3335
2 3 11241 9323 6371
2 3 11241 11353 354
3 2 11251 3325
3 3 11260 279 3381
3 3 11260 388 6558
3 2 11264 9281
3 3 11264 11233 11346
2 2 11274 11301
2 3 11301 11247 3392
1 3 11312 3254 400
2 2 11312 3384
2 3 11317 11297 9250
2 7 11320 6278 7403 7431 6285 291 1278
3 2 11366 11251
2 3 11370 216 6292
2 4 11370 11216 9236 6413
2 2 11388 9509
2 2 11388 247
3 3 11435 11470 3547
3 3 11435 11470 11494
2 3 11437 11405 6596
2 2 11456 6496
2 3 11461 3531 418
1 4 11461 486 3466 6474
2 3 11463 9492 3671
2 2 11465 9495
2 3 11465 11616 11600
2 2 11471 3369
2 2 11471 6489
2 2 11471 507
2 5 11477 441 550 11490 6497
1 5 11479 536 9494 6522 466
2 4 11479 491 11427 3562
3 2 11494 529
1 2 11516 5291
3 4 11542 9569 11525 3569
3 2 11542 6440
2 2 11544 9416
3 2 11544 571
3 2 11545 3535
1 2 11559 6783
2 3 11560 3558 563
3 2 11560 589
3 2 11562 3444
3 2 11584 3604
3 2 11584 628
1 4 11592 3649 630 9602
1 2 11592 9619
2 2 11600 6657
3 5 11602 6676 10249 7875 1764
3 5 11602 6662 11585 3608 6630
2 4 11610 9643 6670 11625
2 2 11610 6685
2 2 11625 6700
2 3 11627 3670 6685
2 2 11640 663
1 3 11654 734 3733
2 3 11659 11644 11646
1 2 11666 704
2 2 11666 9661
2 3 11666 6739 9692
2 4 11670 9698 9714 3757
2 4 11679 6561 9537 6573
2 3 11679 3716 6720
2 3 11683 574 9573
3 3 11695 749 11654
3 2 11738 11841
1 4 11796 6945 11907 12016
3 4 11800 880 3880 9836
3 2 11800 6705
1 5 11818 3526 6886 907 3882
2 2 11830 908
3 2 11833 6946
3 2 11833 6875
2 3 11834 11849 11877
2 2 11834 911
3 3 11841 3823 6846
1 4 11901 984 3974 3924
2 2 11901 3943
1 2 11960 4054
1 2 12016 1005
2 3 12024 10340 4586
1 2 12042 4084
1 3 12042 11987 4097
2 2 12149 7433
2 4 12157 7401 10256 4215
2 4 12180 7310 12779 4414
1 2 12208 7395
2 5 12270 1378 1406 4261 4215
3 2 12289 4342
3 2 12289 7379
2 2 12299 12113
1 3 12320 12450 6642
3 3 12341 10861 3960
1 3 12352 1642 4646
1 3 12364 1555 1568
1 2 12364 10515
1 3 12369 10769 12835
1 3 12376 4583 12320
1 2 12376 7470
1 3 12409 1596 12998
2 4 12437 11635 10727 6974
1 2 12453 10515
1 3 12472 7654 4273
2 3 12479 12438 7636
2 4 12479 2185 5172 10980
3 5 12489 4444 1646 7797 10615
2 2 12489 12458
3 3 12498 12470 1480
1 3 12501 8083 10657
2 3 12501 10824 10615
2 4 12501 10824 10192 12735
1 4 12501 10281 12803 4594
2 7 12501 10824 10753 11717 8110 12429 1615
1 4 12543 7851 10678 4731
1 3 12543 7848 4809
2 4 12600 4666 6740 490
1 3 12627 1738 4586
1 5 12641 7786 12665 10708 10578
2 2 12710 4948
2 2 12710 8015
2 2 12712 10730
2 3 12712 8236 12753
3 4 12735 7422 860 12498
2 4 12735 7422 4756 7480
2 5 12735 7422 860 7640 10380
2 2 12735 4594
2 2 12746 2051
2 2 12747 12858
2 2 12751 5045
2 2 12751 10812
2 2 12751 4957
2 2 12751 8008
1 2 12753 10886
1 2 12755 10832
1 2 12823 13093
2 3 12830 11108 1974
2 3 12830 11108 3165
3 2 12834 12747
1 3 12835 10769 13088
1 3 12845 12703 2023
1 2 12845 2052
2 2 12858 1909
1 3 12867 1900 12753
1 2 12867 4904
1 2 12891 12747
1 2 12897 10800
2 2 12922 12943
1 2 12930 2174
2 2 12943 10944
1 3 12953 5202 2210
1 2 12953 5166
2 3 12959 5208 8129
1 2 12964 8187
1 2 12964 2106
1 3 12969 5162 10942
1 2 12969 12983
1 2 12969 2212
1 2 12971 5164
2 2 12977 7636
1 2 12983 2162
1 2 12997 2162
1 2 12997 2225
1 2 12998 12494
1 3 13011 3546 5291
2 2 13070 507
2 2 13084 4450
2 2 13085 8017
1 2 13085 4991
1 2 13088 5021
1 2 13089 12746
1 2 13089 2051
1 2 13093 8017
1 2 13116 6421
2 2 13116 11417
3 2 13211 1974
