1 12
1 68
1 117
1 121
1 159
1 160
1 187
1 241
1 253
1 265
1 284
1 287
1 299
1 306
1 310
1 321
1 334
1 351
1 354
1 375
1 396
1 399
1 400
1 413
1 418
1 458
1 464
1 466
1 485
1 490
1 493
1 495
1 507
1 512
1 514
1 516
1 523
1 525
1 529
1 563
1 571
1 572
1 575
1 587
1 589
1 590
1 596
1 599
1 603
1 620
1 646
1 651
1 663
1 671
1 692
1 693
1 695
1 704
1 720
1 773
1 788
1 792
1 819
1 831
1 849
1 857
1 908
1 911
1 923
1 925
1 971
1 989
1 1005
1 1065
1 1092
1 1102
1 1132
1 1145
1 1149
1 1182
1 1277
1 1278
1 1291
1 1292
1 1317
1 1321
1 1326
1 1349
1 1352
1 1381
1 1409
1 1463
1 1480
1 1527
1 1557
1 1559
1 1568
1 1588
1 1594
1 1595
1 1598
1 1615
1 1764
1 1770
1 1772
1 1806
1 1821
1 1843
1 1909
1 1951
1 1953
1 1954
1 1965
1 1974
1 1988
1 1992
1 2023
1 2038
1 2051
1 2052
1 2075
1 2077
1 2080
1 2081
1 2100
1 2106
1 2120
1 2152
1 2160
1 2162
1 2166
1 2174
1 2178
1 2182
1 2192
1 2193
1 2195
1 2196
1 2200
1 2208
1 2218
1 2219
1 2221
1 2225
1 2228
1 3061
1 3083
1 3122
1 3137
1 3140
1 3151
1 3152
1 3177
1 3203
1 3205
1 3207
1 3234
1 3262
1 3273
1 3276
1 3279
1 3288
1 3319
1 3320
1 3325
1 3335
1 3355
1 3369
1 3381
1 3384
1 3386
1 3392
1 3414
1 3444
1 3473
1 3478
1 3496
1 3503
1 3514
1 3516
1 3522
1 3529
1 3542
1 3544
1 3548
1 3549
1 3552
1 3562
1 3569
1 3577
1 3578
1 3580
1 3585
1 3594
1 3630
1 3650
1 3655
1 3659
1 3663
1 3674
1 3681
1 3690
1 3701
1 3703
1 3715
1 3720
1 3726
1 3733
1 3748
1 3757
1 3772
1 3773
1 3816
1 3844
1 3847
1 3863
1 3878
1 3882
1 3906
1 3924
1 3941
1 3943
1 3957
1 3960
1 3966
1 3972
1 3976
1 4052
1 4054
1 4084
1 4097
1 4107
1 4109
1 4112
1 4116
1 4137
1 4155
1 4159
1 4199
1 4215
1 4219
1 4273
1 4321
1 4342
1 4344
1 4345
1 4404
1 4414
1 4416
1 4426
1 4445
1 4449
1 4450
1 4457
1 4464
1 4548
1 4569
1 4586
1 4594
1 4598
1 4617
1 4646
1 4652
1 4657
1 4724
1 4731
1 4742
1 4750
1 4791
1 4797
1 4809
1 4865
1 4872
1 4892
1 4901
1 4904
1 4946
1 4948
1 4952
1 4956
1 4978
1 4982
1 4989
1 5021
1 5026
1 5034
1 5044
1 5045
1 5070
1 5115
1 5128
1 5158
1 5163
1 5164
1 5167
1 5168
1 5176
1 5210
1 5229
1 5230
1 5291
1 6050
1 6097
1 6164
1 6242
1 6245
1 6259
1 6262
1 6280
1 6282
1 6286
1 6292
1 6301
1 6314
1 6316
1 6322
1 6327
1 6338
1 6357
1 6371
1 6380
1 6389
1 6413
1 6416
1 6418
1 6420
1 6421
1 6446
1 6449
1 6455
1 6464
1 6474
1 6497
1 6524
1 6531
1 6536
1 6542
1 6558
1 6566
1 6573
1 6584
1 6596
1 6601
1 6613
1 6626
1 6630
1 6631
1 6642
1 6657
1 6685
1 6689
1 6696
1 6697
1 6700
1 6705
1 6710
1 6711
1 6720
1 6729
1 6741
1 6780
1 6783
1 6817
1 6843
1 6845
1 6846
1 6855
1 6864
1 6875
1 6890
1 6943
1 6957
1 6974
1 6983
1 6994
1 7000
1 7005
1 7045
1 7072
1 7087
1 7118
1 7145
1 7151
1 7202
1 7223
1 7239
1 7289
1 7361
1 7375
1 7395
1 7433
1 7451
1 7458
1 7470
1 7480
1 7481
1 7520
1 7527
1 7552
1 7564
1 7592
1 7617
1 7630
1 7636
1 7638
1 7669
1 7798
1 7840
1 7859
1 7935
1 7959
1 7973
1 8017
1 8032
1 8047
1 8065
1 8070
1 8116
1 8143
1 8181
1 8182
1 8187
1 8188
1 8199
1 8244
1 8249
1 8252
1 9088
1 9137
1 9167
1 9200
1 9206
1 9221
1 9225
1 9267
1 9271
1 9279
1 9288
1 9302
1 9334
1 9343
1 9355
1 9370
1 9412
1 9413
1 9416
1 9417
1 9438
1 9443
1 9450
1 9472
1 9490
1 9503
1 9507
1 9511
1 9512
1 9544
1 9548
1 9570
1 9573
1 9586
1 9601
1 9602
1 9612
1 9614
1 9617
1 9648
1 9653
1 9660
1 9692
1 9708
1 9711
1 9713
1 9715
1 9730
1 9737
1 9753
1 9764
1 9783
1 9820
1 9821
1 9831
1 9836
1 9898
1 9907
1 9909
1 9919
1 10001
1 10007
1 10122
1 10125
1 10158
1 10237
1 10362
1 10370
1 10380
1 10381
1 10419
1 10455
1 10570
1 10578
1 10594
1 10615
1 10627
1 10657
1 10696
1 10711
1 10747
1 10762
1 10778
1 10798
1 10799
1 10811
1 10831
1 10906
1 10914
1 10919
1 10928
1 10930
1 10942
1 10944
1 10948
1 10959
1 10975
1 10980
1 10981
1 11055
1 11086
1 11105
1 11106
1 11114
1 11124
1 11147
1 11159
1 11186
1 11188
1 11207
1 11235
1 11241
1 11251
1 11274
1 11301
1 11312
1 11320
1 11321
1 11350
1 11370
1 11388
1 11430
1 11437
1 11461
1 11477
1 11479
1 11483
1 11542
1 11602
1 11606
1 11625
1 11627
1 11649
1 11679
1 11695
1 11702
1 11738
1 11746
1 11796
1 11834
1 11921
1 11969
1 12016
1 12039
1 12113
1 12142
1 12143
1 12149
1 12157
1 12180
1 12270
1 12299
1 12305
1 12341
1 12364
1 12369
1 12376
1 12409
1 12458
1 12459
1 12472
1 12479
1 12489
1 12494
1 12498
1 12586
1 12627
1 12641
1 12682
1 12685
1 12747
1 12753
1 12787
1 12823
1 12851
1 12858
1 12859
1 12885
1 12907
1 12910
1 12922
1 12939
1 12958
1 12959
1 12971
1 12977
1 13084
1 13087
1 13116
