
state={
	id=524
	name="STATE_524"
	resources={
		aluminium=4.000
		steel=15.000
	}

	history={
		owner = SOV
		victory_points = {
			6338 10 
		}
		buildings = {
			infrastructure = 4
			industrial_complex = 4
			arms_factory = 1
			air_base = 10

		}
		add_core_of = SOV
		add_core_of = T01
		add_core_of = TAT
		add_core_of = V22
	}

	provinces={
		12 45 73 112 135 175 228 256 260 270 272 282 292 297 325 345 355 359 368 372 392 404 3004 3066 3103 3139 3197 3214 3224 3245 3251 3261 3264 3269 3282 3285 3303 3315 3334 3349 3352 3361 3365 3383 6124 6149 6171 6191 6253 6294 6299 6307 6312 6327 6337 6338 6357 6370 6372 6374 6383 6403 6410 9050 9146 9172 9192 9214 9244 9259 9270 9280 9291 9298 9305 9307 9325 9336 9354 9358 9360 9368 9370 9373 9381 9389 9390 9401 9402 9407 9514 11087 11149 11243 11255 11263 11275 11277 11286 11292 11324 11339 11340 11344 11354 11356 11373 11375 11387 11394 11496 
	}
	manpower=3951908
	buildings_max_level_factor=1.000
	state_category=large_city

	local_supplies=10.0
}
